__jda:122270672.1422901843.1541255004.1543149517.1543153429.7;
__jdb:122270672.1.1422901843|7.1543153429;
__jdc:122270672;
__jdu:1422901843;
__jdv:122270672|baidu-pinzhuan|t_288551095_baidupinzhuan|cpc|0f3d30c8dba7459bb52f2eb5eba8ac7d_0_5fa599bc76f044a6b58d1e0ecaa710a4|1543149516725;
_pst:jd_450fd8156b669;
_tp:5vKDzynuwu5ve16uhLmMxKD9Sc4jL2XY3nxXVa/BmJw=;
3AB9D23F7A4B3C9B:NU2DRNPQG5EZGRQKZH7H4G6LFBAXHZXDLWGTLOSAI3HHRF4QBOWESTSGM7X4QRBUFILW2VVT5TF5KNMCJZ2P4ECLMU;
ceshi3.com:103;
cn:0;
ipLoc-djd:1-72-2799-0;
JSESSIONID:959B896EC67411BBE216E3F60DAFCA00.s1;
mt_xid:V2_52007VwMXUV5QU1oWTBtsB24LEAUOWwBGGE0eXRliBxdXQVAFUhtVGwwCZAURV1UKU1waeRpdBW4fElJBW1NLH0kSWQRsARFiX2hSahxLGloAZQUXWm1YV1wY;
PCSYCityID:1607;
pin:jd_450fd8156b669;
pinId:gfhKzR2RZ6ZVSUkr-ju3drV9-x-f3wj7;
shshshfp:7bb8e3adec949b2d8618843792326dc7;
shshshfpa:4502e744-10ff-1b3e-bfce-9781c51a755d-1541255005;
shshshfpb:02c58f51f8c4cb00fb624752724ef412db8188ac0f05b31725bddaf5f9;
thor:4001F4A2280B20A4F35E30EB41ACDAC678AC92CE88A46C908D64C64F19EBD5CAC16B24C95A3AC97BB977CEBED7DA8A73FDE81450E13FB01D2E461E66A7D729DD3043E937E880C33A4EADBBC9B1D49E256D875E3808C3F760BF036BE8EAA478BD015B7BB7CB555E84181EFF63D7A018D7F5FF907B8EC0F362FD8E5EC4AC4CA4E44F636F34ED2B154E1A67B67CB3D0B3061E1B73FDDA87E5326B7A885FD8BC6DD9;
TrackID:1KwtFulRrenoDILRbCVn4xwI02NuGZc0iEobjwoRJ-8up6Vr78nqsBrdUaIqh5JFqJmozr-EIHwn8KcB3qio4T8RvpQJ8GsV7fDm4k_HDT_ZGyxquIX-o_9Bg8qrCKzSyZhdRQKL_Bnn6dQiSQjomNw;
unick:jd_450fd8156b669;
unpl:V2_ZzNtbUYAExF9ABUGfR4LBGIGQloRU0pAdVxHAClJDANnAkJYclRCFXwURlRnGlgUZAIZX0tcQRJFCHZXchBYAWcCGllyBBNNIEwHDCRSBUE3XHxcFVUWF3RaTwEoSVoAYwtBDkZUFBYhW0IAKElVVTUFR21yVEMldQl2VH4aXw1mAxtYQGdzEkU4dlN8EF0CZjMTbUNnAUEpDU9Xcx1bSGcGEV5KVkMccAp2VUsa;
user-key:4447b70f-b8d7-45fd-8cf6-2759bd623108;
wlfstk_smdl:neaoumdk59dg22nm27sc3ti282lnkr28;